Date,Kalyan West,Kalyan East,Dombivli West,Dombivli East,Total
1/8/2021,31,9,4,19,63
3/8/2021,20,8,23,16,67
4/8/2021,15,6,12,20,53
6/8/2021,18,5,7,14,44
7/8/2021,27,7,21,27,82
8/8/2021,20,5,8,22,55
9/8/2021,11,2,10,4,27
10/8/2021,8,2,4,10,24
11/8/2021,15,9,10,21,55
12/8/2021,18,6,5,30,59
13-08-2021,10,7,3,18,38
14-08-2021,9,8,17,17,51
15-08-2021,17,6,16,4,43
16-08-2021,9,3,6,6,24
18-08-2021,15,4,7,16,42
19-08-2021,25,6,14,13,58
20-08-2021,9,11,10,22,52
21-08-2021,10,2,4,22,38
23-08-2021,13,7,0,10,30
24-08-2021,23,12,15,17,67
26-08-2021,16,13,13,17,59
27-08-2021,11,9,10,21,51
28-08-2021,27,13,8,11,59
29-08-2021,16,8,11,28,63
30-08-2021,13,6,1,10,30
31-08-2021,16,4,8,18,46
1/9/2021,16,7,9,20,52
2/9/2021,27,7,8,12,54
3/9/2021,24,6,10,17,57
4/9/2021,31,14,17,42,104
5/9/2021,21,6,6,16,49
6/9/2021,9,10,2,15,36
7/9/2021,39,12,12,14,77
8/9/2021,25,4,14,13,56
9/9/2021,24,8,8,26,66
10/9/2021,31,13,11,18,73
11/9/2021,20,14,6,5,45
12/9/2021,30,8,4,11,53
13-09-2021,22,15,3,25,65
14-09-2021,13,11,16,19,59
15-09-2021,19,3,10,18,50
16-09-2021,20,9,11,17,57
18-09-2021,12,8,10,10,40
19-09-2021,8,12,9,15,44
20-09-2021,22,4,4,16,46
21-09-2021,22,13,13,13,61
22-09-2021,21,15,7,20,63
23-09-2021,28,7,9,14,58
24-09-2021,26,4,9,8,47
25-09-2021,37,6,8,10,61
26-09-2021,36,13,10,16,75
27-09-2021,22,6,4,9,41
28-09-2021,25,18,5,17,65
29-09-2021,31,8,16,29,84
30-09-2021,28,5,8,33,74
1/10/2021,18,7,12,29,66
2/10/2021,17,11,5,17,50
3/10/2021,28,13,10,17,68
4/10/2021,22,6,4,10,42
5/10/2021,36,8,11,19,74
7/10/2021,24,10,11,15,60
8/10/2021,44,11,21,12,88
9/10/2021,36,3,11,14,64
10/10/2021,27,2,6,7,42
11/10/2021,22,2,11,9,44
13-10-2021,23,10,6,19,58
14-10-2021,49,10,4,16,79
15-10-2021,16,6,7,10,39
17-10-2021,11,5,7,16,39
18-10-2021,12,3,1,11,27
19-10-2021,22,10,11,10,53
20-10-2021,21,8,14,8,51
21-10-2021,4,5,4,6,19
22-10-2021,17,3,15,11,46
23-10-2021,14,5,4,17,40
25-10-2021,9,6,3,11,29
26-10-2021,14,6,2,6,28
27-10-2021,15,2,6,15,38
28-10-2021,29,9,6,11,55
29-10-2021,12,1,2,6,21
30-10-2021,9,1,9,12,31
31-10-2021,7,13,2,5,27
1/11/2021,7,0,0,6,13
2/11/2021,6,3,2,9,20
3/11/2021,14,6,2,10,32
4/11/2021,13,5,6,8,32
5/11/2021,1,3,2,4,10
6/11/2021,8,4,3,4,19
7/11/2021,11,4,5,5,25
8/11/2021,11,11,10,17,49
9/11/2021,8,4,1,7,20
10/11/2021,9,2,8,8,27
11/11/2021,7,3,5,2,17
12/11/2021,8,2,3,6,19
13-11-2021,10,3,5,11,29
15-11-2021,12,3,0,11,26
16-11-2021,12,8,1,2,23
17-11-2021,11,2,1,8,22
18-11-2021,4,8,2,11,25
19-11-2021,3,1,4,14,22
20-11-2021,5,4,3,5,17
21-11-2021,17,1,0,3,21
22-11-2021,5,2,2,3,12
23-11-2021,6,3,3,7,19
24-11-2021,9,6,2,4,21
25-11-2021,7,2,5,6,20
26-11-2021,9,5,4,2,20
27-11-2021,7,3,2,2,14
28-11-2021,6,3,1,0,10
29-11-2021,4,1,1,0,6
30-11-2021,5,1,1,4,11
1/12/2021,9,3,7,1,20
2/12/2021,4,7,3,3,17
3/12/2021,12,1,0,3,16
4/12/2021,0,1,12,3,16
5/12/2021,11,4,0,8,23
6/12/2021,4,4,1,3,12
7/12/2021,2,1,2,5,10
9/12/2021,1,0,4,2,7
10/12/2021,4,0,1,4,9
11/12/2021,3,2,2,5,12
12/12/2021,7,0,1,2,10
13-12-2021,4,2,2,6,14
15-12-2021,6,6,7,5,24
16-12-2021,0,1,2,4,7
17-12-2021,2,2,6,7,17
18-12-2021,3,5,1,8,17
19-12-2021,2,2,2,6,12
20-12-2021,5,5,2,1,13
21-12-2021,3,3,2,2,10
22-12-2021,10,5,3,10,28
23-12-2021,6,3,8,5,22
24-12-2021,5,4,1,7,17
25-12-2021,12,5,5,14,36
26-12-2021,6,5,2,12,25
27-12-2021,16,2,3,7,28
28-12-2021,5,6,6,7,24
29-12-2021,18,8,10,10,46
30-12-2021,18,7,19,22,66
31-12-2021,40,13,26,30,109
1/1/2022,40,16,27,56,139
2/1/2022,85,19,47,41,192
3/1/2022,84,47,19,11,161
4/1/2022,110,50,77,170,407
5/1/2022,155,86,131,224,596
6/1/2022,351,189,169,390,1099
7/1/2022,321,148,163,317,949
8/1/2022,443,198,174,387,1202
9/1/2022,584,259,173,576,1592
10/1/2022,331,195,155,413,1094
11/1/2022,362,155,141,326,984
12/1/2022,546,374,189,415,1524
13-01-2022,484,244,215,484,1427
14-01-2022,351,191,169,332,1043
15-01-2022,379,148,146,303,976
16-01-2022,311,115,97,285,808
17-01-2022,263,112,94,196,665
18-01-2022,188,69,84,173,514
19-01-2022,221,86,101,208,616
20-01-2022,169,74,58,172,473
21-01-2022,177,52,28,115,372
22-01-2022,147,57,54,141,399
23-01-2022,89,30,24,80,223
24-01-2022,85,34,45,82,246
25-01-2022,86,20,29,67,202
26-01-2022,131,35,16,59,241
27-01-2022,80,32,15,39,166
28-01-2022,76,9,13,16,114
29-01-2022,78,17,4,32,131
30-01-2022,23,9,10,38,80
31-01-2022,26,6,8,17,57
1/2/2022,54,7,5,19,85
2/2/2022,54,21,22,34,131
3/2/2022,60,18,25,20,123
4/2/2022,11,15,13,15,54
5/2/2022,13,4,9,14,40
6/2/2022,13,13,7,11,44
7/2/2022,15,3,7,6,31
8/2/2022,11,3,7,6,27
9/2/2022,10,1,7,12,30
10/2/2022,10,5,12,9,36
11/2/2022,13,4,6,5,28
12/2/2022,11,2,7,3,23
13-02-2022,7,6,2,6,21
14-02-2022,6,1,5,4,16
15-02-2022,4,1,1,6,12
16-02-2022,3,4,13,0,20
17-02-2022,2,3,10,4,19
18-02-2022,5,0,1,0,6
19-02-2022,3,2,1,0,6
20-02-2022,4,0,1,1,6
21-02-2022,1,2,0,2,5
24-02-2022,2,1,0,2,5
25-02-2022,1,3,0,0,4
26-02-2022,2,0,0,0,2
27-02-2022,1,2,0,0,3
28-02-2022,2,0,0,0,2
1/3/2022,1,2,0,0,3
2/3/2022,2,1,0,0,3
3/3/2022,2,1,0,1,4
4/3/2022,0,0,0,0,0
5/3/2022,0,1,0,0,1
6/3/2022,1,0,0,1,2
7/3/2022,0,0,0,0,0
8/3/2022,0,0,0,1,1
9/3/2022,0,0,1,0,1
11/3/2022,1,0,0,1,2
12/3/2022,1,0,0,0,1
13-03-2022,1,0,1,0,2
14-03-2022,0,0,0,0,0
15-03-2022,0,0,0,1,1
16-03-2022,0,0,0,0,0
19-03-2022,0,0,0,0,0
20-03-2022,0,0,0,0,0
21-03-2022,1,0,0,1,2
22-03-2022,0,0,0,0,0
23-03-2022,0,1,0,1,2
24-03-2022,0,0,0,0,0
25-03-2022,0,1,0,0,1
26-03-2022,1,0,0,0,1
28-03-2022,1,0,0,0,1
29-03-2022,0,0,0,0,0
30-03-2022,1,0,0,0,1
31-03-2022,0,0,0,0,0
1/4/2022,0,0,0,0,0
4/4/2022,0,1,0,0,1
7/4/2022,0,0,0,0,0
8/4/2022,0,0,1,0,1
9/4/2022,0,0,0,0,0
10/4/2022,0,0,1,0,1
11/4/2022,0,0,0,0,0
12/4/2022,0,0,0,0,0
13-04-2022,0,0,0,0,0
14-04-2022,1,0,0,0,1
18-04-2022,1,0,0,0,1
19-04-2022,0,0,0,0,0
20-04-2022,0,0,0,0,0
21-04-2022,0,0,0,0,0
22-04-2022,0,0,0,0,0
23-04-2022,0,0,0,0,0
24-04-2022,0,0,0,0,0
25-04-2022,0,0,0,0,0
26-04-2022,0,0,0,0,0
27-04-2022,0,0,0,0,0
28-04-2022,0,0,0,0,0
29-04-2022,0,0,0,0,0
30-04-2022,0,0,0,0,0
1/5/2022,2,0,0,0,2
2/5/2022,0,0,0,0,0
3/5/2022,0,0,0,0,0
4/5/2022,0,0,0,0,0
5/5/2022,0,0,0,0,0
6/5/2022,1,0,0,0,1
7/5/2022,0,0,0,0,0
8/5/2022,0,0,0,0,0
9/5/2022,0,0,0,0,0
10/5/2022,0,0,0,0,0
11/5/2022,0,0,0,0,0
12/5/2022,2,0,1,0,3
13-05-2022,0,0,0,0,0
14-05-2022,0,0,0,0,0
15-05-2022,0,0,0,0,0
16-05-2022,0,0,0,0,0
17-05-2022,0,0,0,0,0
18-05-2022,0,0,0,0,0
19-05-2022,0,0,0,0,0
20-05-2022,0,0,0,0,0
21-05-2022,1,0,0,0,1
22-05-2022,1,1,0,1,3
23-05-2022,1,0,0,0,1
24-05-2022,2,1,0,1,4
25-05-2022,0,0,0,0,0
26-05-2022,2,2,0,1,5
27-05-2022,1,0,0,1,2
28-05-2022,0,0,0,0,0
29-05-2022,0,0,0,0,0
30-05-2022,0,0,0,0,0
31-05-2022,4,0,2,3,9
1/6/2022,1,1,2,1,5
2/6/2022,0,0,0,0,0
3/6/2022,0,0,0,0,0
4/6/2022,0,0,0,0,0
5/6/2022,5,2,2,9,18
6/6/2022,7,2,2,2,13
7/6/2022,13,2,5,5,25
8/6/2022,12,6,3,9,30
9/6/2022,11,7,8,7,33
10/6/2022,15,11,5,14,45
11/6/2022,18,11,12,18,59
12/6/2022,10,10,8,16,44
13-06-2022,14,3,3,9,29
14-06-2022,18,12,15,11,56
15-06-2022,21,11,9,32,73
16-06-2022,25,16,10,26,77
17-06-2022,33,13,10,22,78
18-06-2022,35,22,7,44,108
19-06-2022,38,8,10,28,84
20-06-2022,20,5,6,18,49
21-06-2022,29,17,8,21,75
23-06-2022,42,24,13,48,127
24-06-2022,30,23,14,34,101
25-06-2022,28,13,4,13,58
26-06-2022,55,29,12,31,127
27-06-2022,29,12,6,12,59
28-06-2022,33,14,7,23,77
29-06-2022,33,20,12,30,95
30-06-2022,31,18,16,18,83
1/7/2022,23,12,7,17,59
2/7/2022,14,14,3,14,45
3/7/2022,14,9,6,13,42
4/7/2022,14,7,2,6,29
6/7/2022,7,12,3,21,43
8/7/2022,12,14,2,4,32
10/7/2022,17,7,4,8,36
12/7/2022,5,6,2,5,18
13-07-2022,10,4,1,5,20
15-07-2022,6,5,1,9,21
16-07-2022,6,5,1,6,18
18-07-2022,4,1,2,2,9
21-07-2022,3,0,1,5,9
22-07-2022,4,1,1,1,7
23-07-2022,15,4,1,3,23
24-07-2022,3,3,0,3,9
27-07-2022,4,0,0,3,7
28-07-2022,1,1,1,3,6
29-07-2022,4,2,0,1,7
31-07-2022,0,8,1,2,11
