1,15,30,16,41,48,53,16,3
1,1,57,41,50,26,1,1,2
1,1,42,23,59,46,33,04,2
1,04,1,22,63,19,18,19,3
1,1,16,1,52,40,55,17,1
1,25,1,62,32,47,65,19,2
1,22,52,1,61,28,13,1,2
1,18,1,1,33,1,31,20,3
1,15,33,05,42,38,28,19,2
1,1,37,64,17,1,05,1,2
1,1,49,20,42,14,66,05,2
1,04,52,17,16,13,1,25,3
1,1,1,60,64,43,57,1,2
1,28,39,1,49,69,20,17,2
1,25,18,62,66,68,28,22,2
1,21,45,25,23,67,52,1,2
1,18,41,1,58,40,53,1,2
1,14,55,69,23,64,59,13,5
1,1,1,16,13,43,1,24,2
1,1,37,63,1,24,1,1,2
1,04,17,16,42,41,29,04,3
1,31,1,28,1,67,57,1,2
1,28,30,23,44,58,16,04,2
1,24,38,52,42,51,28,21,2
1,21,25,68,40,54,33,1,5
1,17,16,40,1,48,1,1,2
1,14,39,18,66,37,26,15,3
1,1,32,21,1,44,66,15,2
1,1,49,64,48,41,53,20,2
1,1,27,26,33,1,1,22,2
1,30,1,45,25,14,18,1,2
1,26,21,17,37,44,19,16,2
1,23,1,61,41,47,32,1,2
1,19,24,61,43,16,28,21,2
1,16,28,61,63,41,65,1,2
1,1,20,1,27,52,17,24,2
1,1,28,31,54,25,1,1,2
1,05,31,50,69,21,51,1,3
1,1,18,54,61,13,37,05,2
1,29,42,48,20,21,19,23,3
1,26,48,56,1,16,1,24,2
1,22,1,55,33,28,56,22,2
1,19,43,63,16,38,1,23,2
1,15,64,49,57,23,67,20,2
1,1,34,44,30,16,37,16,2
1,1,1,64,68,61,54,1,2
1,05,60,29,18,27,1,15,2
1,1,1,64,50,61,1,1,2
1,28,30,53,62,38,52,1,3
1,24,15,1,29,41,20,22,2
1,21,63,67,1,69,28,17,4
1,17,51,19,1,62,55,14,4
1,14,1,31,23,28,1,14,2
1,1,1,17,49,68,55,1,2
1,1,23,55,33,22,29,21,2
1,1,39,59,1,67,50,25,3
1,31,1,56,24,61,05,1,2
1,27,48,32,63,04,49,20,2
1,24,25,1,1,65,64,16,3
1,20,68,1,21,1,60,24,2
1,17,44,49,33,50,52,1,3
1,13,44,38,64,69,60,1,2
1,1,64,56,61,23,67,1,5
1,1,52,33,47,36,20,1,3
1,1,66,27,1,1,67,1,3
1,30,32,21,17,23,1,05,2
1,27,1,47,68,65,50,24,2
1,23,39,05,35,1,23,1,2
1,20,1,58,66,25,35,05,2
1,16,1,50,40,17,62,26,2
1,13,57,15,29,1,54,1,3
1,1,32,28,1,64,61,1,3
1,1,66,57,1,31,24,18,3
1,1,63,39,59,34,1,04,2
1,29,29,37,23,64,60,1,2
1,25,36,1,56,69,27,25,2
1,22,14,42,43,52,40,17,3
1,18,53,1,23,63,41,1,2
1,15,33,04,24,31,22,1,2
1,1,36,58,27,41,20,1,2
