1,610.291,208.1781167,173.888747,1.197191424,0.549812187,28715,190.1410973,0.763922518,0.988855999,0.958027126,0.913357755,0.007331506,0.003147289
1,638.018,200.5247957,182.7344194,1.097356461,0.411785251,29172,191.2727505,0.783968133,0.984985603,0.887033637,0.953860842,0.006978659,0.003563624
1,624.11,212.8261299,175.9311426,1.209712656,0.562727317,29690,193.4109041,0.778113248,0.989558774,0.947849473,0.908774239,0.007243912,0.003047733
1,645.884,210.557999,182.5165157,1.153638059,0.498615976,30724,195.4670618,0.782681273,0.976695743,0.903936374,0.928328835,0.007016729,0.003214562
1,620.134,201.8478822,190.2792788,1.06079802,0.333679658,30417,195.896503,0.773098035,0.99089325,0.984877069,0.970515523,0.00669701,0.003664972
1,634.927,212.5605564,181.5101816,1.171066849,0.52040066,30600,196.3477022,0.775688485,0.989509804,0.943851783,0.923725952,0.007020065,0.003152779
1,670.033,211.0501553,184.0390501,1.146768336,0.489477894,30970,196.9886332,0.762401501,0.984081369,0.853079869,0.933373552,0.006924899,0.003242016
1,629.727,212.9967551,182.7372038,1.165590535,0.513759558,30847,197.1243203,0.770681818,0.989366875,0.967109244,0.925480392,0.006979152,0.003158285
1,635.681,213.5341452,183.1571463,1.165852108,0.51408086,31044,197.659696,0.771561479,0.988435769,0.954239808,0.925658498,0.00695891,0.00315155
1,631.934,217.2278128,180.8974686,1.2008339,0.553642225,31120,198.1390121,0.783682806,0.990809769,0.97027823,0.91212543,0.007045074,0.00300804
1,640.765,213.5600894,184.4398709,1.157884618,0.504102365,31280,198.4055115,0.770805285,0.988395141,0.94625818,0.929038343,0.006907529,0.00317422
1,638.558,210.4862549,188.3268476,1.117664622,0.446621924,31458,198.9630385,0.786377317,0.988333651,0.958172836,0.945254305,0.006770006,0.003333984
1,640.594,214.6485485,184.9692526,1.160455295,0.507365875,31423,199.0142269,0.761046142,0.989943672,0.952581757,0.927163162,0.006900329,0.003145388
1,642.626,216.4848362,183.6443122,1.178826797,0.529514251,31492,199.1773023,0.798759229,0.989394132,0.948119004,0.92005198,0.00694797,0.003071052
1,641.105,212.0669751,187.1929601,1.132879009,0.469924157,31474,199.1773023,0.781313473,0.989959967,0.952623101,0.939218858,0.006806181,0.00326701
1,636.888,212.9759252,186.5620882,1.141582018,0.482352224,31520,199.2412169,0.764110482,0.989149746,0.965899596,0.935510513,0.006830968,0.003227429
1,644.454,215.6406947,184.4716842,1.168963657,0.517871223,31573,199.3178875,0.779192888,0.988249454,0.944079243,0.924305534,0.006911118,0.003111647
1,639.782,215.067737,184.8748759,1.163315112,0.510946829,31558,199.3210815,0.762984155,0.988750871,0.957948542,0.926782809,0.006892534,0.003136682
1,638.666,212.4503189,187.535939,1.132851229,0.469883494,31593,199.5413417,0.770322199,0.989839521,0.963425036,0.939237666,0.006793627,0.003261246
1,635.011,216.7900923,184.1634403,1.177161395,0.52758671,31599,199.7422367,0.774277242,0.991645305,0.976510834,0.921362386,0.006918465,0.003075469
1,636.401,219.865394,182.0088637,1.207992784,0.56099452,31604,199.8664991,0.769196823,0.99272244,0.973459862,0.909040279,0.007007885,0.002951884
1,638.857,213.7856543,188.0664823,1.136755746,0.475535642,31791,200.3627781,0.768949371,0.991790129,0.970792739,0.937213391,0.006780389,0.003226921
1,674.103,217.3070261,185.4482507,1.171793345,0.52126839,32197,200.499357,0.756964757,0.980619312,0.873118507,0.922654737,0.006882685,0.003076767
1,656.711,229.7192546,175.510446,1.308863717,0.645190802,32045,200.702465,0.761823348,0.987267905,0.921842182,0.873685862,0.007261095,0.002609775
1,657.431,236.7526321,171.2105592,1.3828156,0.690678219,32009,200.8229633,0.740935673,0.989565435,0.92092896,0.848239622,0.007474432,0.002386889
1,646.721,210.0456816,192.2484159,1.092574316,0.402841974,32026,200.8451524,0.773184303,0.989258727,0.951893863,0.956197485,0.006629811,0.003418781
1,656.305,215.7089067,187.2724497,1.151845384,0.496263281,32093,200.9117052,0.777110501,0.987847817,0.92490856,0.931401991,0.006804053,0.003158611
1,641.826,219.7765183,184.1151053,1.193690859,0.546072628,32020,201.0542441,0.775589974,0.991505309,0.968482156,0.914812218,0.006922531,0.002990698
1,650.954,220.9594949,183.2920681,1.205504947,0.558465259,32173,201.1175623,0.777674419,0.987411805,0.94210463,0.910201041,0.006955411,0.002944773
1,642.092,223.9846829,180.9171228,1.238051321,0.589564969,32052,201.2536289,0.773877293,0.992480968,0.969600136,0.898515141,0.007041108,0.002830886
1,649.681,213.7356452,189.9692019,1.125106823,0.458286561,32168,201.2852592,0.772354369,0.989212882,0.947378132,0.941748668,0.006716811,0.003258989
1,662.532,222.8726889,181.8946963,1.225284154,0.57785815,32274,201.2915846,0.774847821,0.986025903,0.91103962,0.903168466,0.00700351,0.002874555
1,656.404,224.9125542,180.4394219,1.246471264,0.596968354,32238,201.3358572,0.785245659,0.987561263,0.928537748,0.89517394,0.007064502,0.002798279
1,640.718,216.3203615,188.0653069,1.150240653,0.494138341,32184,201.5823407,0.777655945,0.99164181,0.976946683,0.93186947,0.006778015,0.003152845
1,639.974,213.6874805,190.6449473,1.120866215,0.451705439,32246,201.7622728,0.772270531,0.991502822,0.980968377,0.944193232,0.006683582,0.003276669
1,640.338,212.8873637,191.4872537,1.111757361,0.436968432,32258,201.8253689,0.774212284,0.991753984,0.980466376,0.948038274,0.006654394,0.003315826
1,654.535,212.1713961,192.4225318,1.102632806,0.421302377,32391,201.8316774,0.789741311,0.987743509,0.938453277,0.951267141,0.0066316,0.003349716
1,653.676,212.9299893,191.8101346,1.110108127,0.43420694,32375,201.897905,0.761880964,0.988880309,0.941538949,0.948189147,0.006650945,0.003316218
1,654.237,230.9790674,176.9318083,1.305469433,0.642831065,32349,201.9325869,0.779448988,0.990015147,0.940247873,0.874246265,0.007212236,0.002598872
1,645.085,224.4823211,181.9408668,1.233820224,0.5857513,32308,201.970415,0.770514671,0.991642937,0.967478615,0.899716352,0.007006752,0.002832168
1,652.651,216.1471468,188.9705403,1.143813985,0.48544352,32395,201.9893264,0.778069153,0.989164995,0.945354229,0.934499156,0.006745324,0.003173206
1,642.082,215.9182853,189.3033869,1.140593884,0.48097147,32301,202.030295,0.779804909,0.992446054,0.977128658,0.935679416,0.006735449,0.003184598
1,669.313,236.436655,173.2308993,1.364864213,0.680580172,32481,202.058653,0.780878628,0.9872233,0.899489569,0.854599524,0.007373438,0.002426053
1,663.582,224.4723523,182.3644962,1.230899418,0.583080944,32567,202.1940863,0.767625332,0.985936684,0.9163206,0.90075274,0.006990948,0.002838822
1,648.566,222.6575074,183.8290361,1.211220556,0.564236127,32393,202.2098285,0.760670804,0.991387028,0.9593916,0.908165329,0.006933347,0.002909259
1,654.893,217.960517,188.2047159,1.158103377,0.504381753,32521,202.3766203,0.76059302,0.989114726,0.942496457,0.928501286,0.006775904,0.003106541
1,658.216,221.4811143,185.2954324,1.195286422,0.547784367,32585,202.5212716,0.762907351,0.988583704,0.934338332,0.914395217,0.00687552,0.002964975
1,653.595,222.7560714,184.4046839,1.207974042,0.560975566,32566,202.5369884,0.754431565,0.989314008,0.947743902,0.90923218,0.006914025,0.002914808
1,665.493,221.2336837,185.5923729,1.192040817,0.54428951,32710,202.5841313,0.775204425,0.985417304,0.91458402,0.915702021,0.006863577,0.002976782
1,644.051,220.9809628,186.0277835,1.187892253,0.539747143,32514,202.6406883,0.764060649,0.991911177,0.977040422,0.917005183,0.00685191,0.002988674
2,654.808,220.8040301,186.2777558,1.185348348,0.536918908,32612,202.6626784,0.775805676,0.9891451,0.945408164,0.917839581,0.006844939,0.002996515
2,652.419,222.6986563,184.5129929,1.206953791,0.559941518,32563,202.6752432,0.781313572,0.99075638,0.952462642,0.910087409,0.006902816,0.002921047
2,646.556,218.1816038,188.5531418,1.15713587,0.503143726,32623,202.7286345,0.790183599,0.989455292,0.970325944,0.929173821,0.006759243,0.00310789
2,649.59,217.3714574,189.591319,1.146526426,0.489149967,32615,202.8667587,0.784843629,0.991047064,0.962593368,0.933272294,0.006724978,0.003147053
2,653.602,221.4113413,186.136273,1.189512059,0.541530905,32672,202.9138251,0.782490866,0.989777179,0.951253518,0.916456329,0.006846785,0.002979295
2,657.166,221.279621,186.3604099,1.18737462,0.539174328,32720,202.9671537,0.783793605,0.988844743,0.941458316,0.917242866,0.006839117,0.002986188
2,675.385,221.6580649,186.1762293,1.190581987,0.542701939,32806,203.0079249,0.759099437,0.986648784,0.891708502,0.915860765,0.006848062,0.002972113
2,643.009,219.1300137,188.3004274,1.163725525,0.511456521,32608,203.0330109,0.784302326,0.992885182,0.984008731,0.926541314,0.006768286,0.00307693
2,653.76,219.8366971,188.0092368,1.169286684,0.518261408,32775,203.2116585,0.769320176,0.989565217,0.953586944,0.924375508,0.00677818,0.003052717
2,653.85,225.2024494,183.6920946,1.225977906,0.578509868,32767,203.3118831,0.765034405,0.99078341,0.954265043,0.902796056,0.006936777,0.002842471
2,649.012,221.4454899,187.1344232,1.183349841,0.534673644,32843,203.4652564,0.7849831,0.989982645,0.970006874,0.918805149,0.006810774,0.002994125
2,651.651,221.2627854,187.2561106,1.181605154,0.532696427,32811,203.4777716,0.758915235,0.991070068,0.962284651,0.919620402,0.006804317,0.003001917
2,655.131,220.8211992,187.6655865,1.176673909,0.527019605,32842,203.4777716,0.794032183,0.990134584,0.952088655,0.921459408,0.006790737,0.003019962
2,663.914,225.0778556,184.2147342,1.221823306,0.574579254,33000,203.4996712,0.769057978,0.985606061,0.927264249,0.904130132,0.006920149,0.002852456
2,657.571,227.037574,182.8423057,1.241712486,0.592813998,32901,203.6654067,0.781922043,0.990182669,0.946779791,0.89705595,0.006969046,0.002783756
2,649.583,224.4241779,184.9234713,1.213605695,0.566603091,32851,203.6747839,0.772061611,0.991781072,0.970297635,0.907543857,0.006888192,0.002882408
2,664.789,218.1467463,191.002277,1.142115946,0.483095172,33016,203.7810289,0.808562858,0.987854374,0.927383997,0.934146543,0.00668854,0.003141747
2,657.009,235.2708698,177.1581895,1.328027061,0.658024288,32902,203.802896,0.779311992,0.991489879,0.949681133,0.866247896,0.007212031,0.002504991
2,653.049,225.0141906,185.1437243,1.215348733,0.568317852,32994,204.0401594,0.767684831,0.991028672,0.963472928,0.906787962,0.006881589,0.002870063
2,654.454,223.8758675,186.1499298,1.20266426,0.555543833,33021,204.0619987,0.779469946,0.990430332,0.959545923,0.911496183,0.00684531,0.00291469
2,660.043,215.4163208,193.4864621,1.113340533,0.43959156,33020,204.0869551,0.799516082,0.990702604,0.943595321,0.947407115,0.006585037,0.003272537
2,656.679,214.2657207,194.793825,1.099961565,0.416528466,33066,204.1368587,0.769153036,0.989808262,0.953753937,0.952727566,0.006546663,0.003327167
2,660.614,222.8700513,187.4792477,1.188771846,0.540717403,33120,204.2771471,0.790153816,0.98955314,0.943721321,0.916575134,0.006800209,0.002960563
2,649.807,220.0250995,189.8094038,1.159189666,0.505764488,33062,204.2802636,0.772630835,0.991319339,0.975402341,0.928440728,0.006713199,0.00307699
2,651.03,225.2102521,185.6002312,1.213415795,0.566415511,33091,204.3425821,0.775992617,0.99105497,0.972334053,0.907341385,0.006867213,0.002871066
2,654.824,223.1453687,187.4192621,1.190621317,0.542744878,33111,204.3456976,0.800820453,0.990486545,0.961128742,0.915751462,0.006804042,0.002951598
2,653.729,219.9055494,190.1123396,1.156713709,0.502601593,33087,204.3550436,0.746177996,0.991295675,0.964439446,0.929285523,0.006704642,0.003084267
2,658.101,221.5995,189.0026275,1.172467827,0.522071263,33154,204.4484801,0.789785166,0.990197261,0.952538233,0.922603526,0.006750114,0.003016833
2,669.19,218.4060038,191.7587728,1.138962252,0.478674896,33225,204.4702758,0.80291471,0.988291949,0.92142762,0.936193476,0.006651419,0.003151785
2,664.105,230.7223076,181.7436855,1.269492841,0.616038378,33245,204.5107474,0.746568182,0.988088434,0.935962647,0.886393473,0.007023724,0.002674566
2,655.512,220.3581629,190.0206598,1.159653709,0.506352834,33198,204.5761077,0.781242573,0.990119887,0.961276389,0.928379984,0.00670393,0.003071937
2,659.728,227.0674037,184.5596932,1.230319577,0.582547095,33225,204.6227808,0.785669916,0.989766742,0.949462632,0.90115436,0.006904893,0.002808882
2,671.612,219.0931338,191.4622125,1.144315272,0.486132629,33376,204.7316434,0.777974713,0.986337488,0.917134004,0.934450294,0.00665532,0.00313021
2,656.646,225.1281702,186.4615283,1.207370616,0.560364527,33252,204.7471905,0.768683025,0.990166005,0.959562001,0.909469438,0.006837606,0.002885601
2,668.197,221.4087308,189.6018111,1.167756413,0.516407505,33401,204.7751722,0.776708646,0.986018383,0.926926508,0.924873972,0.006722801,0.003034312
2,668.231,209.6932927,200.2495993,1.047159612,0.296720861,33336,204.8155836,0.765319396,0.988330934,0.927198033,0.97673884,0.006364564,0.003573241
2,688.26,226.6490462,185.5215755,1.221685649,0.574447868,33524,204.8280162,0.770801656,0.982907768,0.874124721,0.903723266,0.006878366,0.002830133
2,676.797,224.7517099,187.1772945,1.20074238,0.553546741,33461,204.9429826,0.766699205,0.98586414,0.905000877,0.911863953,0.006813135,0.002905675
2,669.769,223.5277491,188.2429412,1.187442927,0.539249994,33458,204.9988888,0.757018349,0.986490525,0.924597414,0.917107114,0.006772337,0.002955279
2,665.85,224.9712592,186.8900915,1.203762369,0.556677424,33374,205.0113104,0.791587732,0.989093306,0.935626643,0.911277783,0.006815246,0.002899108
2,652.684,223.7818539,188.0291423,1.190144523,0.542223823,33289,205.020626,0.789784689,0.991708973,0.973842946,0.916162872,0.006778598,0.002945848
2,655.703,224.4502114,187.5026272,1.197051022,0.549663318,33340,205.0392561,0.764328704,0.990371926,0.965071386,0.913517768,0.006797608,0.002920141
2,663.071,218.9513714,192.4739417,1.137563711,0.476689675,33423,205.1385878,0.777926846,0.98886994,0.94465755,0.936913921,0.006624652,0.003148775
2,655.511,224.4458788,187.8781612,1.194635275,0.547087283,33320,205.1603102,0.799274662,0.992136855,0.96677736,0.914074748,0.006789457,0.00292376
2,667.966,222.0391436,189.7813412,1.169973519,0.51908899,33439,205.1727219,0.77866227,0.988725739,0.931172778,0.924038522,0.006715841,0.003020233
2,659.456,235.5600775,178.9312328,1.316483846,0.650391531,33333,205.2223615,0.787721471,0.992349923,0.955822961,0.871210282,0.007121352,0.002530662
2,652.214,221.3869025,190.3548121,1.163022358,0.510582618,33327,205.2223615,0.772417336,0.99252858,0.977167183,0.926985107,0.006692874,0.003048481
2,663.915,217.3358221,194.2070489,1.119093377,0.448903019,33466,205.2564817,0.774410223,0.988734835,0.94334064,0.944420849,0.00656822,0.003223218
2,653.809,228.406675,184.6885548,1.236712666,0.588365282,33352,205.2595833,0.769355964,0.992144399,0.972758069,0.898658427,0.006902589,0.002776965
2,648.385,222.5263095,189.7373793,1.172812181,0.522480157,33377,205.4238989,0.769979556,0.992989184,0.9906854,0.923144321,0.006714127,0.003007791
3,653.801,222.4440287,189.98042,1.170878708,0.520175444,33415,205.4734778,0.788111423,0.99233877,0.974810341,0.923708669,0.006708406,0.003012584
3,680.621,234.315548,180.5827539,1.297552191,0.637220052,33542,205.5013606,0.761240274,0.9888498,0.899742964,0.877028274,0.007064506,0.002578196
3,654.338,222.253649,190.3614532,1.167534946,0.516138043,33429,205.5106541,0.790237278,0.99228215,0.973563187,0.924667176,0.00670024,0.003021425
3,664.658,232.3085443,182.0856017,1.275820505,0.621001572,33520,205.5818899,0.773698809,0.990274463,0.944219534,0.88495191,0.00699851,0.002647671
3,660.788,210.8580025,200.9273673,1.049424005,0.303273094,33611,205.711909,0.76828479,0.988842938,0.956520582,0.975594507,0.006344265,0.003545182
3,660.068,230.9698347,183.4292487,1.259176693,0.607696024,33511,205.7490422,0.787661984,0.992151831,0.958954568,0.890804821,0.006946879,0.002698359
3,658.962,217.452163,194.9834825,1.115233763,0.442693503,33565,205.7583245,0.757943925,0.990645017,0.962263101,0.946223398,0.006539718,0.003233803
3,704.493,234.7881384,180.705496,1.299286096,0.6384619,33857,205.8356604,0.759656652,0.98283959,0.842534348,0.876686794,0.00705578,0.002571003
3,670.587,229.2180829,185.2793615,1.237148493,0.588756561,33699,205.9593374,0.782616866,0.988634678,0.931005952,0.898530058,0.00688012,0.002766344
3,668.601,225.0172378,188.8365103,1.191598158,0.543808892,33732,205.9686102,0.7960388,0.987756433,0.936629385,0.915345918,0.006753421,0.002924453
3,674.433,223.8254842,189.7357064,1.179669807,0.530484185,33701,205.9871545,0.798969072,0.988843061,0.920666621,0.920302508,0.006716444,0.00297195
3,653.776,224.3601667,189.4313875,1.184387496,0.535842011,33580,206.0026068,0.790184922,0.992555092,0.979912348,0.918178168,0.006731478,0.002951196
3,679.262,220.5312914,192.7167056,1.144328878,0.486151306,33834,206.0118777,0.772240756,0.98519241,0.907840655,0.934161662,0.006616005,0.003107876
3,659.103,232.2637945,182.9185092,1.269766497,0.616255393,33639,206.0273281,0.776747437,0.991052053,0.964368085,0.887040223,0.006966938,0.002660694
3,661.508,225.3180561,188.668526,1.194253546,0.54667768,33692,206.0458672,0.763352487,0.989671139,0.957540959,0.914466735,0.006757379,0.002914941
3,659.434,222.8701044,190.920249,1.167346605,0.515908654,33730,206.1632423,0.781688327,0.989682775,0.964671718,0.925037671,0.006676356,0.003015483
3,664.701,221.5599425,192.0898879,1.153418042,0.498328415,33752,206.2157306,0.761491108,0.989541361,0.949927944,0.930744648,0.00663373,0.003070858
3,654.804,219.5440823,194.0253903,1.131522436,0.46793088,33691,206.2836368,0.763385107,0.99198599,0.979504999,0.939600078,0.006569046,0.003158306
3,659.036,224.1680528,189.9810797,1.179949356,0.530804973,33707,206.289809,0.772982724,0.99157445,0.967023472,0.920246246,0.006707,0.002967046
3,665.61,228.223182,186.6258656,1.222891486,0.575596241,33789,206.3021528,0.754491694,0.989286454,0.948129347,0.903949156,0.00682751,0.002812018
3,658.605,229.4460905,185.6980934,1.235586679,0.587351259,33713,206.3083245,0.791743641,0.99157595,0.968463377,0.899158159,0.006863684,0.00276746
3,666.841,219.9074077,193.6804685,1.135413444,0.473606709,33788,206.3144959,0.788708802,0.989434119,0.94474509,0.938188022,0.006577949,0.003143618
3,657.349,225.0025125,189.5660154,1.186934863,0.538686621,33708,206.3206672,0.776807082,0.991841699,0.972284135,0.916970503,0.006729953,0.002935035
3,656.077,224.2339338,190.2565986,1.178586895,0.529237524,33713,206.3607759,0.767814509,0.992080206,0.97643744,0.920292359,0.006704357,0.002966471
3,664.412,226.1186154,188.7406408,1.198038824,0.550708725,33791,206.3638608,0.770224525,0.989819774,0.952120901,0.912635435,0.006760505,0.002892999
3,655.414,219.1299474,194.5431002,1.12638252,0.460233577,33765,206.4008768,0.786308517,0.990937361,0.978794213,0.941910858,0.006549208,0.003179858
3,659.987,224.4599389,189.9543464,1.181652029,0.53274976,33748,206.4286344,0.792329545,0.991703212,0.965536869,0.91966805,0.006706703,0.002959465
3,657.523,227.9380769,187.3160543,1.21686354,0.569797937,33745,206.5211327,0.781494961,0.992680397,0.973658914,0.906040516,0.006804528,0.002828579
3,657.067,218.8447518,195.1928536,1.121171948,0.452185632,33793,206.6320761,0.783504673,0.992335691,0.976058644,0.944194798,0.006526056,0.003199462
3,658.284,227.5186814,187.9440519,1.210566012,0.563582376,33800,206.6443995,0.760516111,0.992248521,0.972569007,0.908252449,0.006783907,0.002847646
3,662.418,223.6835362,191.2006021,1.169889288,0.518987648,33915,206.6474802,0.76426488,0.98891346,0.96049636,0.923838579,0.006669356,0.002996733
3,653.512,213.7540709,199.9257014,1.069167543,0.353836994,33832,206.6721244,0.783570411,0.991576023,0.987089244,0.966868717,0.006371779,0.003434872
3,669.259,227.9361768,187.8565921,1.213352027,0.566352488,33897,206.7121649,0.739858907,0.990058117,0.941549974,0.906886164,0.0067919,0.002833885
3,666.339,224.5887253,190.4630178,1.179172355,0.529912303,33927,206.7614349,0.761792399,0.989654258,0.950272923,0.920622505,0.006688966,0.002963911
3,657.754,221.7110512,192.9504091,1.149057171,0.492559596,33868,206.7829868,0.775302429,0.991584977,0.975444036,0.93266883,0.006601883,0.003081467
3,658.848,223.7351826,191.3544824,1.169218404,0.518178984,33884,206.7860655,0.748056576,0.991146264,0.972236276,0.924244739,0.006661958,0.002998676
3,690.171,214.7652972,199.5241432,1.076387518,0.369995763,34162,206.8568621,0.770802752,0.983753879,0.886596875,0.963176382,0.006390493,0.003392637
3,670.224,222.7760833,192.2260318,1.158927754,0.505431801,34012,206.8968668,0.783244805,0.988474656,0.940519106,0.928721179,0.006626296,0.003040829
3,659.408,217.371862,197.0837827,1.102941394,0.421848171,33918,206.9060976,0.793238493,0.991302553,0.97171275,0.951853178,0.006464975,0.003273607
3,669.076,224.8894003,190.753366,1.178953771,0.52966059,34009,206.9307109,0.762884493,0.988885295,0.94405814,0.92014435,0.006686967,0.002956874
3,663.03,224.6629064,190.8531005,1.177150939,0.52757456,33919,206.9553214,0.78625187,0.99174504,0.961582569,0.921181537,0.006678644,0.002966531
3,664.363,231.6225255,185.6531262,1.247609077,0.597950376,33985,207.1951199,0.766225798,0.992114168,0.959948457,0.894537867,0.006869607,0.002713355
3,671.696,231.1720126,186.1264562,1.242015871,0.593081148,34073,207.2381313,0.803214668,0.989962727,0.939493017,0.896467219,0.006853399,0.002730382
3,655.729,221.390268,194.1359516,1.140387786,0.480682529,33988,207.2534904,0.786863834,0.992585618,0.985949497,0.936145442,0.006562434,0.003108981
3,665.826,218.999894,196.5777218,1.114062631,0.440779117,34127,207.4315723,0.77773175,0.99024233,0.957917183,0.947176588,0.006480437,0.003217421
3,669.341,230.2474971,187.1642998,1.230189184,0.582426873,34143,207.4776031,0.784067718,0.990217614,0.948303455,0.901106877,0.006810243,0.002769795
3,656.339,220.7538648,195.2815454,1.130438948,0.466327555,34079,207.5236236,0.788438228,0.992517386,0.986684731,0.940067907,0.006526545,0.003144127
3,661.029,222.9735137,193.4836383,1.152415344,0.497013692,34146,207.5665669,0.782128328,0.99097991,0.973135967,0.930902346,0.006589441,0.003052424
3,670.945,226.3816048,190.5214245,1.188221248,0.540110507,34159,207.5880353,0.763926508,0.990807693,0.944779673,0.916982789,0.006688775,0.002917233
3,669.571,221.610481,194.6713489,1.138382624,0.477854006,34239,207.6003019,0.786271777,0.98860948,0.948773259,0.93678016,0.006547032,0.003110104
