Date,Kalyan West,Kalyan East,Dombivli West,Dombivli East,Total
1,31,9,4,19,63
1,20,8,23,16,67
1,15,6,12,20,53
1,18,5,7,14,44
1,27,7,21,27,82
1,20,5,8,22,55
1,11,2,10,4,27
1,8,2,4,10,24
1,15,9,10,21,55
1,18,6,5,30,59
1,10,7,3,18,38
1,9,8,17,17,51
1,17,6,16,4,43
1,9,3,6,6,24
1,15,4,7,16,42
1,25,6,14,13,58
1,9,11,10,22,52
1,10,2,4,22,38
1,13,7,0,10,30
1,23,12,15,17,67
1,16,13,13,17,59
1,11,9,10,21,51
1,27,13,8,11,59
1,16,8,11,28,63
1,13,6,1,10,30
1,16,4,8,18,46
1,16,7,9,20,52
1,27,7,8,12,54
1,24,6,10,17,57
1,31,14,17,42,104
1,21,6,6,16,49
1,9,10,2,15,36
1,39,12,12,14,77
1,25,4,14,13,56
1,24,8,8,26,66
1,31,13,11,18,73
1,20,14,6,5,45
1,30,8,4,11,53
1,22,15,3,25,65
1,13,11,16,19,59
1,19,3,10,18,50
1,20,9,11,17,57
1,12,8,10,10,40
1,8,12,9,15,44
1,22,4,4,16,46
1,22,13,13,13,61
1,21,15,7,20,63
1,28,7,9,14,58
1,26,4,9,8,47
1,37,6,8,10,61
1,36,13,10,16,75
1,22,6,4,9,41
1,25,18,5,17,65
1,31,8,16,29,84
1,28,5,8,33,74
1,18,7,12,29,66
1,17,11,5,17,50
1,28,13,10,17,68
1,22,6,4,10,42
1,36,8,11,19,74
1,24,10,11,15,60
1,44,11,21,12,88
1,36,3,11,14,64
1,27,2,6,7,42
1,22,2,11,9,44
1,23,10,6,19,58
1,49,10,4,16,79
1,16,6,7,10,39
1,11,5,7,16,39
1,12,3,1,11,27
1,22,10,11,10,53
1,21,8,14,8,51
1,4,5,4,6,19
1,17,3,15,11,46
1,14,5,4,17,40
1,9,6,3,11,29
1,14,6,2,6,28
1,15,2,6,15,38
1,29,9,6,11,55
1,12,1,2,6,21
1,9,1,9,12,31
1,7,13,2,5,27
2,7,0,0,6,13
2,6,3,2,9,20
2,14,6,2,10,32
2,13,5,6,8,32
2,1,3,2,4,10
2,8,4,3,4,19
2,11,4,5,5,25
2,11,11,10,17,49
2,8,4,1,7,20
2,9,2,8,8,27
2,7,3,5,2,17
2,8,2,3,6,19
2,10,3,5,11,29
2,12,3,0,11,26
2,12,8,1,2,23
2,11,2,1,8,22
2,4,8,2,11,25
2,3,1,4,14,22
2,5,4,3,5,17
2,17,1,0,3,21
2,5,2,2,3,12
2,6,3,3,7,19
2,9,6,2,4,21
2,7,2,5,6,20
2,9,5,4,2,20
2,7,3,2,2,14
2,6,3,1,0,10
2,4,1,1,0,6
2,5,1,1,4,11
2,9,3,7,1,20
2,4,7,3,3,17
2,12,1,0,3,16
2,0,1,12,3,16
2,11,4,0,8,23
2,4,4,1,3,12
2,2,1,2,5,10
2,1,0,4,2,7
2,4,0,1,4,9
2,3,2,2,5,12
2,7,0,1,2,10
2,4,2,2,6,14
2,6,6,7,5,24
2,0,1,2,4,7
2,2,2,6,7,17
2,3,5,1,8,17
2,2,2,2,6,12
2,5,5,2,1,13
2,3,3,2,2,10
2,10,5,3,10,28
2,6,3,8,5,22
2,5,4,1,7,17
2,12,5,5,14,36
2,6,5,2,12,25
2,16,2,3,7,28
2,5,6,6,7,24
2,18,8,10,10,46
2,18,7,19,22,66
2,40,13,26,30,109
2,40,16,27,56,139
2,85,19,47,41,192
2,84,47,19,11,161
2,110,50,77,170,407
2,155,86,131,224,596
2,351,189,169,390,1099
2,321,148,163,317,949
2,443,198,174,387,1202
2,584,259,173,576,1592
2,331,195,155,413,1094
2,362,155,141,326,984
2,546,374,189,415,1524
2,484,244,215,484,1427
2,351,191,169,332,1043
2,379,148,146,303,976
2,311,115,97,285,808
2,263,112,94,196,665
2,188,69,84,173,514
2,221,86,101,208,616
2,169,74,58,172,473
2,177,52,28,115,372
2,147,57,54,141,399
2,89,30,24,80,223
2,85,34,45,82,246
2,86,20,29,67,202
2,131,35,16,59,241
2,80,32,15,39,166
2,76,9,13,16,114
2,78,17,4,32,131
2,23,9,10,38,80
2,26,6,8,17,57
3,54,7,5,19,85
3,54,21,22,34,131
3,60,18,25,20,123
3,11,15,13,15,54
3,13,4,9,14,40
3,13,13,7,11,44
3,15,3,7,6,31
3,11,3,7,6,27
3,10,1,7,12,30
3,10,5,12,9,36
3,13,4,6,5,28
3,11,2,7,3,23
3,7,6,2,6,21
3,6,1,5,4,16
3,4,1,1,6,12
3,3,4,13,0,20
3,2,3,10,4,19
3,5,0,1,0,6
3,3,2,1,0,6
3,4,0,1,1,6
3,1,2,0,2,5
3,2,1,0,2,5
3,1,3,0,0,4
3,2,0,0,0,2
3,1,2,0,0,3
3,2,0,0,0,2
3,1,2,0,0,3
3,2,1,0,0,3
3,2,1,0,1,4
3,0,0,0,0,0
3,0,1,0,0,1
3,1,0,0,1,2
3,0,0,0,0,0
3,0,0,0,1,1
3,0,0,1,0,1
3,1,0,0,1,2
3,1,0,0,0,1
3,1,0,1,0,2
3,0,0,0,0,0
3,0,0,0,1,1
3,0,0,0,0,0
3,0,0,0,0,0
3,0,0,0,0,0
3,1,0,0,1,2
3,0,0,0,0,0
3,0,1,0,1,2
3,0,0,0,0,0
3,0,1,0,0,1
3,1,0,0,0,1
3,1,0,0,0,1
3,0,0,0,0,0
3,1,0,0,0,1
3,0,0,0,0,0
3,0,0,0,0,0
3,0,1,0,0,1
3,0,0,0,0,0
3,0,0,1,0,1
3,0,0,0,0,0
3,0,0,1,0,1
3,0,0,0,0,0
3,0,0,0,0,0
3,0,0,0,0,0
3,1,0,0,0,1
3,1,0,0,0,1
3,0,0,0,0,0
3,0,0,0,0,0
3,0,0,0,0,0
3,0,0,0,0,0
3,0,0,0,0,0
3,0,0,0,0,0
3,0,0,0,0,0
3,0,0,0,0,0
3,0,0,0,0,0
3,0,0,0,0,0
3,0,0,0,0,0
3,0,0,0,0,0
4,2,0,0,0,2
4,0,0,0,0,0
4,0,0,0,0,0
4,0,0,0,0,0
4,0,0,0,0,0
4,1,0,0,0,1
4,0,0,0,0,0
4,0,0,0,0,0
4,0,0,0,0,0
4,0,0,0,0,0
4,0,0,0,0,0
4,2,0,1,0,3
4,0,0,0,0,0
4,0,0,0,0,0
4,0,0,0,0,0
4,0,0,0,0,0
4,0,0,0,0,0
4,0,0,0,0,0
4,0,0,0,0,0
4,0,0,0,0,0
4,1,0,0,0,1
4,1,1,0,1,3
4,1,0,0,0,1
4,2,1,0,1,4
4,0,0,0,0,0
4,2,2,0,1,5
4,1,0,0,1,2
4,0,0,0,0,0
4,0,0,0,0,0
4,0,0,0,0,0
4,4,0,2,3,9
4,1,1,2,1,5
4,0,0,0,0,0
4,0,0,0,0,0
4,0,0,0,0,0
4,5,2,2,9,18
4,7,2,2,2,13
4,13,2,5,5,25
4,12,6,3,9,30
4,11,7,8,7,33
4,15,11,5,14,45
4,18,11,12,18,59
4,10,10,8,16,44
4,14,3,3,9,29
4,18,12,15,11,56
4,21,11,9,32,73
4,25,16,10,26,77
4,33,13,10,22,78
4,35,22,7,44,108
4,38,8,10,28,84
4,20,5,6,18,49
4,29,17,8,21,75
4,42,24,13,48,127
4,30,23,14,34,101
4,28,13,4,13,58
4,55,29,12,31,127
4,29,12,6,12,59
4,33,14,7,23,77
4,33,20,12,30,95
4,31,18,16,18,83
4,23,12,7,17,59
4,14,14,3,14,45
4,14,9,6,13,42
4,14,7,2,6,29
4,7,12,3,21,43
4,12,14,2,4,32
4,17,7,4,8,36
4,5,6,2,5,18
4,10,4,1,5,20
4,6,5,1,9,21
4,6,5,1,6,18
4,4,1,2,2,9
4,3,0,1,5,9
4,4,1,1,1,7
4,15,4,1,3,23
4,3,3,0,3,9
4,4,0,0,3,7
4,1,1,1,3,6
4,4,2,0,1,7
4,0,8,1,2,11
